STR# 501 (0x1f5) "InteractionScoreCurves" at Global.far member Global.iff +0xbc89:
  1: (-100;-100) (-72;90) (100;90)
  2: (-100;-100) (-80;-30) (10;10) (-45;0)
  3: (-100;-100) (50;50) (-25;40)
  4: (-100;-100) (25;25) (-35;15)
  5: (-100;-100) (50;50) (-20;40)
  6: (-100;-100) (-50;-80)
  7: (-100;-100) (0;0) (-50;-10)
  8: (-100;-100) (50;50) (-25;40)
  9: (-100;-100) (75;75) (0;65)
  10: (-100;-100) (75;75) (0;65)

STR# 502 (0x1f6) "HappyWeightCurves" at Global.far member Global.iff +0xbe17:
  1: (-100;15) (-60;5) (-40;3) (0;1) (100;1)
  2: (-100;10) (-80;3) (-40;1) (100;1)
  3: (-100;5) (-80;3) (-40;1) (100;1)
  4: (-100;10) (-80;3) (-60;1) (100;1)
  5: (-100;5) (-40;2) (40;2) (100;5)
  6: (-100;2) (0;1) (100;2)
  7: (-100;5) (-40;2) (40;2) (100;3)

STR# 503 (0x1f7) "InteractionScoreCurvesChild" at Global.far member Global.iff +0xbf60:
  1: (-100;-100) (-72;90) (100;90)
  2: (-100;-100) (-80;-30) (10;10);(-45;0)
  3: (-100;-100) (50;50) (-25;40)
  4: (-100;-100) (25;25) (-35;15)
  5: (-100;-100) (50;50) (-20;40)
  6: (-100;-100) (-50;-80)
  7: (-100;-100) (0;0) (-50;-10)
  8: (-100;-100) (50;50) (-25;40)
  9: (-100;-100) (75;75) (0;65)
  10: (-100;-100) (75;75) (0;65)

STR# 504 (0x1f8) "HappyWeightCurvesChild" at Global.far member Global.iff +0xc0ee:
  1: (-100;15) (-60;5) (-40;3) (0;1) (100;1)
  2: (-100;10) (-80;3) (-40;1) (100;1)
  3: (-100;5) (-80;3) (-40;1) (100;1)
  4: (-100;10) (-80;3) (-60;1) (100;1)
  5: (-100;6) (-40;2) (40;2) (100;6)
  6: (-100;2) (0;1) (100;2)
  7: (-100;5) (-40;2) (40;2) (100;3)

STR# 505 (0x1f9) "HouseScoreCurves" at Global.far member Global.iff +0xc237:
  1: (0;0) (150;25) (300;50) (600;75) (1200;100)
  2: (5;0) (4;10) (3;20) (2;35) (1;60) (0;100)
